#datatype,string,long,dateTime:RFC3339,dateTime:RFC3339,dateTime:RFC3339,double,string,string,string,string,string
#group,false,false,true,true,false,false,true,true,true,true,true
#default,_result,,,,,,,,,,
,result,table,_start,_stop,_time,_value,_field,_measurement,name,pid,tid
,,0,2023-05-13T12:40:50.907222954Z,2023-06-12T12:40:50.907222954Z,2023-06-02T01:07:21.248587393Z,42.96,docker_used_memory_mb,adapter_removal (DA160_L1) (243),adapter_removal (DA160_L1) (243),2224995,243
,,0,2023-05-13T12:40:50.907222954Z,2023-06-12T12:40:50.907222954Z,2023-06-02T01:07:23.248549831Z,46.66,docker_used_memory_mb,adapter_removal (DA160_L1) (243),adapter_removal (DA160_L1) (243),2224995,243
,,0,2023-05-13T12:40:50.907222954Z,2023-06-12T12:40:50.907222954Z,2023-06-02T01:07:25.249173881Z,46.04,docker_used_memory_mb,adapter_removal (DA160_L1) (243),adapter_removal (DA160_L1) (243),2224995,243
,,0,2023-05-13T12:40:50.907222954Z,2023-06-12T12:40:50.907222954Z,2023-06-02T01:07:27.248884142Z,48.62,docker_used_memory_mb,adapter_removal (DA160_L1) (243),adapter_removal (DA160_L1) (243),2224995,243
,,0,2023-05-13T12:40:50.907222954Z,2023-06-12T12:40:50.907222954Z,2023-06-02T01:07:29.24873467Z,50.81,docker_used_memory_mb,adapter_removal (DA160_L1) (243),adapter_removal (DA160_L1) (243),2224995,243
,,0,2023-05-13T12:40:50.907222954Z,2023-06-12T12:40:50.907222954Z,2023-06-02T01:07:31.249508358Z,51.78,docker_used_memory_mb,adapter_removal (DA160_L1) (243),adapter_removal (DA160_L1) (243),2224995,243
,,0,2023-05-13T12:40:50.907222954Z,2023-06-12T12:40:50.907222954Z,2023-06-02T01:07:33.249190042Z,54.35,docker_used_memory_mb,adapter_removal (DA160_L1) (243),adapter_removal (DA160_L1) (243),2224995,243
,,0,2023-05-13T12:40:50.907222954Z,2023-06-12T12:40:50.907222954Z,2023-06-02T01:07:35.24863405Z,55.86,docker_used_memory_mb,adapter_removal (DA160_L1) (243),adapter_removal (DA160_L1) (243),2224995,243
,,0,2023-05-13T12:40:50.907222954Z,2023-06-12T12:40:50.907222954Z,2023-06-02T01:07:37.248559314Z,55.3,docker_used_memory_mb,adapter_removal (DA160_L1) (243),adapter_removal (DA160_L1) (243),2224995,243
,,0,2023-05-13T12:40:50.907222954Z,2023-06-12T12:40:50.907222954Z,2023-06-02T01:07:39.249209852Z,56.74,docker_used_memory_mb,adapter_removal (DA160_L1) (243),adapter_removal (DA160_L1) (243),2224995,243
,,0,2023-05-13T12:40:50.907222954Z,2023-06-12T12:40:50.907222954Z,2023-06-02T01:07:41.249094627Z,55.83,docker_used_memory_mb,adapter_removal (DA160_L1) (243),adapter_removal (DA160_L1) (243),2224995,243
,,0,2023-05-13T12:40:50.907222954Z,2023-06-12T12:40:50.907222954Z,2023-06-02T01:07:43.248491767Z,56.45,docker_used_memory_mb,adapter_removal (DA160_L1) (243),adapter_removal (DA160_L1) (243),2224995,243
,,0,2023-05-13T12:40:50.907222954Z,2023-06-12T12:40:50.907222954Z,2023-06-02T01:07:45.249169199Z,56.75,docker_used_memory_mb,adapter_removal (DA160_L1) (243),adapter_removal (DA160_L1) (243),2224995,243
,,0,2023-05-13T12:40:50.907222954Z,2023-06-12T12:40:50.907222954Z,2023-06-02T01:07:47.248997415Z,56.86,docker_used_memory_mb,adapter_removal (DA160_L1) (243),adapter_removal (DA160_L1) (243),2224995,243
,,0,2023-05-13T12:40:50.907222954Z,2023-06-12T12:40:50.907222954Z,2023-06-02T01:07:49.248712008Z,56.77,docker_used_memory_mb,adapter_removal (DA160_L1) (243),adapter_removal (DA160_L1) (243),2224995,243
,,0,2023-05-13T12:40:50.907222954Z,2023-06-12T12:40:50.907222954Z,2023-06-02T01:07:51.249550298Z,56.73,docker_used_memory_mb,adapter_removal (DA160_L1) (243),adapter_removal (DA160_L1) (243),2224995,243
,,0,2023-05-13T12:40:50.907222954Z,2023-06-12T12:40:50.907222954Z,2023-06-02T01:07:53.248989805Z,57.08,docker_used_memory_mb,adapter_removal (DA160_L1) (243),adapter_removal (DA160_L1) (243),2224995,243
,,0,2023-05-13T12:40:50.907222954Z,2023-06-12T12:40:50.907222954Z,2023-06-02T01:07:55.248951009Z,58.01,docker_used_memory_mb,adapter_removal (DA160_L1) (243),adapter_removal (DA160_L1) (243),2224995,243
,,0,2023-05-13T12:40:50.907222954Z,2023-06-12T12:40:50.907222954Z,2023-06-02T01:07:57.248571413Z,58.14,docker_used_memory_mb,adapter_removal (DA160_L1) (243),adapter_removal (DA160_L1) (243),2224995,243
,,0,2023-05-13T12:40:50.907222954Z,2023-06-12T12:40:50.907222954Z,2023-06-02T01:07:59.24919977Z,55.36,docker_used_memory_mb,adapter_removal (DA160_L1) (243),adapter_removal (DA160_L1) (243),2224995,243
,,0,2023-05-13T12:40:50.907222954Z,2023-06-12T12:40:50.907222954Z,2023-06-02T01:08:01.248830917Z,55.54,docker_used_memory_mb,adapter_removal (DA160_L1) (243),adapter_removal (DA160_L1) (243),2224995,243
,,0,2023-05-13T12:40:50.907222954Z,2023-06-12T12:40:50.907222954Z,2023-06-02T01:08:03.248366532Z,56.47,docker_used_memory_mb,adapter_removal (DA160_L1) (243),adapter_removal (DA160_L1) (243),2224995,243
,,0,2023-05-13T12:40:50.907222954Z,2023-06-12T12:40:50.907222954Z,2023-06-02T01:08:05.249147637Z,58.55,docker_used_memory_mb,adapter_removal (DA160_L1) (243),adapter_removal (DA160_L1) (243),2224995,243
,,0,2023-05-13T12:40:50.907222954Z,2023-06-12T12:40:50.907222954Z,2023-06-02T01:08:07.248718864Z,58.22,docker_used_memory_mb,adapter_removal (DA160_L1) (243),adapter_removal (DA160_L1) (243),2224995,243
,,0,2023-05-13T12:40:50.907222954Z,2023-06-12T12:40:50.907222954Z,2023-06-02T01:08:09.248630383Z,58.12,docker_used_memory_mb,adapter_removal (DA160_L1) (243),adapter_removal (DA160_L1) (243),2224995,243
,,0,2023-05-13T12:40:50.907222954Z,2023-06-12T12:40:50.907222954Z,2023-06-02T01:08:11.24936223Z,58.72,docker_used_memory_mb,adapter_removal (DA160_L1) (243),adapter_removal (DA160_L1) (243),2224995,243
,,0,2023-05-13T12:40:50.907222954Z,2023-06-12T12:40:50.907222954Z,2023-06-02T01:08:13.248842798Z,59.54,docker_used_memory_mb,adapter_removal (DA160_L1) (243),adapter_removal (DA160_L1) (243),2224995,243
,,0,2023-05-13T12:40:50.907222954Z,2023-06-12T12:40:50.907222954Z,2023-06-02T01:08:15.248711048Z,58.52,docker_used_memory_mb,adapter_removal (DA160_L1) (243),adapter_removal (DA160_L1) (243),2224995,243
,,0,2023-05-13T12:40:50.907222954Z,2023-06-12T12:40:50.907222954Z,2023-06-02T01:08:17.249351554Z,56.88,docker_used_memory_mb,adapter_removal (DA160_L1) (243),adapter_removal (DA160_L1) (243),2224995,243
,,0,2023-05-13T12:40:50.907222954Z,2023-06-12T12:40:50.907222954Z,2023-06-02T01:08:19.248905357Z,58.12,docker_used_memory_mb,adapter_removal (DA160_L1) (243),adapter_removal (DA160_L1) (243),2224995,243
,,0,2023-05-13T12:40:50.907222954Z,2023-06-12T12:40:50.907222954Z,2023-06-02T01:08:21.248760041Z,59.09,docker_used_memory_mb,adapter_removal (DA160_L1) (243),adapter_removal (DA160_L1) (243),2224995,243
,,0,2023-05-13T12:40:50.907222954Z,2023-06-12T12:40:50.907222954Z,2023-06-02T01:08:23.248245763Z,58.05,docker_used_memory_mb,adapter_removal (DA160_L1) (243),adapter_removal (DA160_L1) (243),2224995,243
,,0,2023-05-13T12:40:50.907222954Z,2023-06-12T12:40:50.907222954Z,2023-06-02T01:08:25.248985496Z,59.46,docker_used_memory_mb,adapter_removal (DA160_L1) (243),adapter_removal (DA160_L1) (243),2224995,243
,,0,2023-05-13T12:40:50.907222954Z,2023-06-12T12:40:50.907222954Z,2023-06-02T01:08:27.248687357Z,60.3,docker_used_memory_mb,adapter_removal (DA160_L1) (243),adapter_removal (DA160_L1) (243),2224995,243
,,0,2023-05-13T12:40:50.907222954Z,2023-06-12T12:40:50.907222954Z,2023-06-02T01:08:29.248203993Z,61.07,docker_used_memory_mb,adapter_removal (DA160_L1) (243),adapter_removal (DA160_L1) (243),2224995,243
,,0,2023-05-13T12:40:50.907222954Z,2023-06-12T12:40:50.907222954Z,2023-06-02T01:08:31.248864027Z,61.11,docker_used_memory_mb,adapter_removal (DA160_L1) (243),adapter_removal (DA160_L1) (243),2224995,243
,,0,2023-05-13T12:40:50.907222954Z,2023-06-12T12:40:50.907222954Z,2023-06-02T01:08:33.248555901Z,61.45,docker_used_memory_mb,adapter_removal (DA160_L1) (243),adapter_removal (DA160_L1) (243),2224995,243
,,0,2023-05-13T12:40:50.907222954Z,2023-06-12T12:40:50.907222954Z,2023-06-02T01:08:35.249173634Z,60.45,docker_used_memory_mb,adapter_removal (DA160_L1) (243),adapter_removal (DA160_L1) (243),2224995,243
,,0,2023-05-13T12:40:50.907222954Z,2023-06-12T12:40:50.907222954Z,2023-06-02T01:08:37.249056696Z,60.04,docker_used_memory_mb,adapter_removal (DA160_L1) (243),adapter_removal (DA160_L1) (243),2224995,243
,,0,2023-05-13T12:40:50.907222954Z,2023-06-12T12:40:50.907222954Z,2023-06-02T01:08:39.248543196Z,61.17,docker_used_memory_mb,adapter_removal (DA160_L1) (243),adapter_removal (DA160_L1) (243),2224995,243
,,0,2023-05-13T12:40:50.907222954Z,2023-06-12T12:40:50.907222954Z,2023-06-02T01:08:41.249354708Z,61.23,docker_used_memory_mb,adapter_removal (DA160_L1) (243),adapter_removal (DA160_L1) (243),2224995,243
,,0,2023-05-13T12:40:50.907222954Z,2023-06-12T12:40:50.907222954Z,2023-06-02T01:08:43.249064637Z,64.16,docker_used_memory_mb,adapter_removal (DA160_L1) (243),adapter_removal (DA160_L1) (243),2224995,243
,,0,2023-05-13T12:40:50.907222954Z,2023-06-12T12:40:50.907222954Z,2023-06-02T01:08:45.248653243Z,64.48,docker_used_memory_mb,adapter_removal (DA160_L1) (243),adapter_removal (DA160_L1) (243),2224995,243
,,0,2023-05-13T12:40:50.907222954Z,2023-06-12T12:40:50.907222954Z,2023-06-02T01:08:47.249104866Z,64.75,docker_used_memory_mb,adapter_removal (DA160_L1) (243),adapter_removal (DA160_L1) (243),2224995,243
,,0,2023-05-13T12:40:50.907222954Z,2023-06-12T12:40:50.907222954Z,2023-06-02T01:08:50.24903225Z,64.55,docker_used_memory_mb,adapter_removal (DA160_L1) (243),adapter_removal (DA160_L1) (243),2224995,243
,,0,2023-05-13T12:40:50.907222954Z,2023-06-12T12:40:50.907222954Z,2023-06-02T01:08:52.248487295Z,65.42,docker_used_memory_mb,adapter_removal (DA160_L1) (243),adapter_removal (DA160_L1) (243),2224995,243
,,0,2023-05-13T12:40:50.907222954Z,2023-06-12T12:40:50.907222954Z,2023-06-02T01:08:54.249109107Z,64.26,docker_used_memory_mb,adapter_removal (DA160_L1) (243),adapter_removal (DA160_L1) (243),2224995,243
,,0,2023-05-13T12:40:50.907222954Z,2023-06-12T12:40:50.907222954Z,2023-06-02T01:08:56.248899514Z,65.21,docker_used_memory_mb,adapter_removal (DA160_L1) (243),adapter_removal (DA160_L1) (243),2224995,243
,,0,2023-05-13T12:40:50.907222954Z,2023-06-12T12:40:50.907222954Z,2023-06-02T01:08:58.248677102Z,65.07,docker_used_memory_mb,adapter_removal (DA160_L1) (243),adapter_removal (DA160_L1) (243),2224995,243
,,0,2023-05-13T12:40:50.907222954Z,2023-06-12T12:40:50.907222954Z,2023-06-02T01:09:00.249281736Z,65.67,docker_used_memory_mb,adapter_removal (DA160_L1) (243),adapter_removal (DA160_L1) (243),2224995,243
,,0,2023-05-13T12:40:50.907222954Z,2023-06-12T12:40:50.907222954Z,2023-06-02T01:09:02.248861479Z,66.73,docker_used_memory_mb,adapter_removal (DA160_L1) (243),adapter_removal (DA160_L1) (243),2224995,243
,,0,2023-05-13T12:40:50.907222954Z,2023-06-12T12:40:50.907222954Z,2023-06-02T01:09:04.248479024Z,66.22,docker_used_memory_mb,adapter_removal (DA160_L1) (243),adapter_removal (DA160_L1) (243),2224995,243
,,0,2023-05-13T12:40:50.907222954Z,2023-06-12T12:40:50.907222954Z,2023-06-02T01:09:06.249157274Z,66.53,docker_used_memory_mb,adapter_removal (DA160_L1) (243),adapter_removal (DA160_L1) (243),2224995,243
,,0,2023-05-13T12:40:50.907222954Z,2023-06-12T12:40:50.907222954Z,2023-06-02T01:09:08.248845673Z,66.57,docker_used_memory_mb,adapter_removal (DA160_L1) (243),adapter_removal (DA160_L1) (243),2224995,243
,,0,2023-05-13T12:40:50.907222954Z,2023-06-12T12:40:50.907222954Z,2023-06-02T01:09:10.248670197Z,66.68,docker_used_memory_mb,adapter_removal (DA160_L1) (243),adapter_removal (DA160_L1) (243),2224995,243
,,0,2023-05-13T12:40:50.907222954Z,2023-06-12T12:40:50.907222954Z,2023-06-02T01:09:12.249489532Z,66.54,docker_used_memory_mb,adapter_removal (DA160_L1) (243),adapter_removal (DA160_L1) (243),2224995,243
,,0,2023-05-13T12:40:50.907222954Z,2023-06-12T12:40:50.907222954Z,2023-06-02T01:09:14.24906619Z,67.24,docker_used_memory_mb,adapter_removal (DA160_L1) (243),adapter_removal (DA160_L1) (243),2224995,243
,,0,2023-05-13T12:40:50.907222954Z,2023-06-12T12:40:50.907222954Z,2023-06-02T01:09:16.248822895Z,67.33,docker_used_memory_mb,adapter_removal (DA160_L1) (243),adapter_removal (DA160_L1) (243),2224995,243
,,0,2023-05-13T12:40:50.907222954Z,2023-06-12T12:40:50.907222954Z,2023-06-02T01:09:18.249467979Z,67.57,docker_used_memory_mb,adapter_removal (DA160_L1) (243),adapter_removal (DA160_L1) (243),2224995,243
,,0,2023-05-13T12:40:50.907222954Z,2023-06-12T12:40:50.907222954Z,2023-06-02T01:09:20.249266146Z,67.18,docker_used_memory_mb,adapter_removal (DA160_L1) (243),adapter_removal (DA160_L1) (243),2224995,243
,,0,2023-05-13T12:40:50.907222954Z,2023-06-12T12:40:50.907222954Z,2023-06-02T01:09:22.248965081Z,67.44,docker_used_memory_mb,adapter_removal (DA160_L1) (243),adapter_removal (DA160_L1) (243),2224995,243
,,0,2023-05-13T12:40:50.907222954Z,2023-06-12T12:40:50.907222954Z,2023-06-02T01:09:24.248362538Z,67.95,docker_used_memory_mb,adapter_removal (DA160_L1) (243),adapter_removal (DA160_L1) (243),2224995,243
,,0,2023-05-13T12:40:50.907222954Z,2023-06-12T12:40:50.907222954Z,2023-06-02T01:09:26.249315064Z,68.25,docker_used_memory_mb,adapter_removal (DA160_L1) (243),adapter_removal (DA160_L1) (243),2224995,243
,,0,2023-05-13T12:40:50.907222954Z,2023-06-12T12:40:50.907222954Z,2023-06-02T01:09:28.248897538Z,68.34,docker_used_memory_mb,adapter_removal (DA160_L1) (243),adapter_removal (DA160_L1) (243),2224995,243
,,0,2023-05-13T12:40:50.907222954Z,2023-06-12T12:40:50.907222954Z,2023-06-02T01:09:30.248744481Z,68.45,docker_used_memory_mb,adapter_removal (DA160_L1) (243),adapter_removal (DA160_L1) (243),2224995,243
,,0,2023-05-13T12:40:50.907222954Z,2023-06-12T12:40:50.907222954Z,2023-06-02T01:09:32.249349139Z,68.65,docker_used_memory_mb,adapter_removal (DA160_L1) (243),adapter_removal (DA160_L1) (243),2224995,243
,,0,2023-05-13T12:40:50.907222954Z,2023-06-12T12:40:50.907222954Z,2023-06-02T01:09:34.248998077Z,70.63,docker_used_memory_mb,adapter_removal (DA160_L1) (243),adapter_removal (DA160_L1) (243),2224995,243
,,0,2023-05-13T12:40:50.907222954Z,2023-06-12T12:40:50.907222954Z,2023-06-02T01:09:36.248724139Z,68.78,docker_used_memory_mb,adapter_removal (DA160_L1) (243),adapter_removal (DA160_L1) (243),2224995,243
,,0,2023-05-13T12:40:50.907222954Z,2023-06-12T12:40:50.907222954Z,2023-06-02T01:09:38.248992569Z,68.14,docker_used_memory_mb,adapter_removal (DA160_L1) (243),adapter_removal (DA160_L1) (243),2224995,243
,,0,2023-05-13T12:40:50.907222954Z,2023-06-12T12:40:50.907222954Z,2023-06-02T01:09:40.248857596Z,68.24,docker_used_memory_mb,adapter_removal (DA160_L1) (243),adapter_removal (DA160_L1) (243),2224995,243
,,0,2023-05-13T12:40:50.907222954Z,2023-06-12T12:40:50.907222954Z,2023-06-02T01:09:42.24856716Z,68.94,docker_used_memory_mb,adapter_removal (DA160_L1) (243),adapter_removal (DA160_L1) (243),2224995,243
,,0,2023-05-13T12:40:50.907222954Z,2023-06-12T12:40:50.907222954Z,2023-06-02T01:09:44.249198623Z,69.09,docker_used_memory_mb,adapter_removal (DA160_L1) (243),adapter_removal (DA160_L1) (243),2224995,243
,,0,2023-05-13T12:40:50.907222954Z,2023-06-12T12:40:50.907222954Z,2023-06-02T01:09:46.248811666Z,69.61,docker_used_memory_mb,adapter_removal (DA160_L1) (243),adapter_removal (DA160_L1) (243),2224995,243
,,0,2023-05-13T12:40:50.907222954Z,2023-06-12T12:40:50.907222954Z,2023-06-02T01:09:48.248538092Z,70.02,docker_used_memory_mb,adapter_removal (DA160_L1) (243),adapter_removal (DA160_L1) (243),2224995,243
,,0,2023-05-13T12:40:50.907222954Z,2023-06-12T12:40:50.907222954Z,2023-06-02T01:09:50.249105796Z,69.96,docker_used_memory_mb,adapter_removal (DA160_L1) (243),adapter_removal (DA160_L1) (243),2224995,243
,,0,2023-05-13T12:40:50.907222954Z,2023-06-12T12:40:50.907222954Z,2023-06-02T01:09:52.248805453Z,70.33,docker_used_memory_mb,adapter_removal (DA160_L1) (243),adapter_removal (DA160_L1) (243),2224995,243
,,0,2023-05-13T12:40:50.907222954Z,2023-06-12T12:40:50.907222954Z,2023-06-02T01:09:54.249572725Z,70.47,docker_used_memory_mb,adapter_removal (DA160_L1) (243),adapter_removal (DA160_L1) (243),2224995,243
,,0,2023-05-13T12:40:50.907222954Z,2023-06-12T12:40:50.907222954Z,2023-06-02T01:09:56.249006605Z,70.55,docker_used_memory_mb,adapter_removal (DA160_L1) (243),adapter_removal (DA160_L1) (243),2224995,243
,,0,2023-05-13T12:40:50.907222954Z,2023-06-12T12:40:50.907222954Z,2023-06-02T01:09:58.248496708Z,70.3,docker_used_memory_mb,adapter_removal (DA160_L1) (243),adapter_removal (DA160_L1) (243),2224995,243
,,0,2023-05-13T12:40:50.907222954Z,2023-06-12T12:40:50.907222954Z,2023-06-02T01:10:00.24919181Z,70.9,docker_used_memory_mb,adapter_removal (DA160_L1) (243),adapter_removal (DA160_L1) (243),2224995,243
,,0,2023-05-13T12:40:50.907222954Z,2023-06-12T12:40:50.907222954Z,2023-06-02T01:10:02.248951723Z,71.36,docker_used_memory_mb,adapter_removal (DA160_L1) (243),adapter_removal (DA160_L1) (243),2224995,243
,,0,2023-05-13T12:40:50.907222954Z,2023-06-12T12:40:50.907222954Z,2023-06-02T01:10:04.248980895Z,70.92,docker_used_memory_mb,adapter_removal (DA160_L1) (243),adapter_removal (DA160_L1) (243),2224995,243
,,0,2023-05-13T12:40:50.907222954Z,2023-06-12T12:40:50.907222954Z,2023-06-02T01:10:06.248590295Z,73.05,docker_used_memory_mb,adapter_removal (DA160_L1) (243),adapter_removal (DA160_L1) (243),2224995,243
,,0,2023-05-13T12:40:50.907222954Z,2023-06-12T12:40:50.907222954Z,2023-06-02T01:10:08.249390633Z,71.65,docker_used_memory_mb,adapter_removal (DA160_L1) (243),adapter_removal (DA160_L1) (243),2224995,243
,,0,2023-05-13T12:40:50.907222954Z,2023-06-12T12:40:50.907222954Z,2023-06-02T01:10:10.249036746Z,71.65,docker_used_memory_mb,adapter_removal (DA160_L1) (243),adapter_removal (DA160_L1) (243),2224995,243
,,0,2023-05-13T12:40:50.907222954Z,2023-06-12T12:40:50.907222954Z,2023-06-02T01:10:12.248466862Z,72.61,docker_used_memory_mb,adapter_removal (DA160_L1) (243),adapter_removal (DA160_L1) (243),2224995,243
,,0,2023-05-13T12:40:50.907222954Z,2023-06-12T12:40:50.907222954Z,2023-06-02T01:10:14.249021805Z,72.48,docker_used_memory_mb,adapter_removal (DA160_L1) (243),adapter_removal (DA160_L1) (243),2224995,243
,,0,2023-05-13T12:40:50.907222954Z,2023-06-12T12:40:50.907222954Z,2023-06-02T01:10:16.248937517Z,72.71,docker_used_memory_mb,adapter_removal (DA160_L1) (243),adapter_removal (DA160_L1) (243),2224995,243
,,0,2023-05-13T12:40:50.907222954Z,2023-06-12T12:40:50.907222954Z,2023-06-02T01:10:18.2484981Z,72.63,docker_used_memory_mb,adapter_removal (DA160_L1) (243),adapter_removal (DA160_L1) (243),2224995,243
,,0,2023-05-13T12:40:50.907222954Z,2023-06-12T12:40:50.907222954Z,2023-06-02T01:10:20.249116937Z,73.11,docker_used_memory_mb,adapter_removal (DA160_L1) (243),adapter_removal (DA160_L1) (243),2224995,243
,,0,2023-05-13T12:40:50.907222954Z,2023-06-12T12:40:50.907222954Z,2023-06-02T01:10:22.248800876Z,73.12,docker_used_memory_mb,adapter_removal (DA160_L1) (243),adapter_removal (DA160_L1) (243),2224995,243
,,0,2023-05-13T12:40:50.907222954Z,2023-06-12T12:40:50.907222954Z,2023-06-02T01:10:24.249144825Z,73.3,docker_used_memory_mb,adapter_removal (DA160_L1) (243),adapter_removal (DA160_L1) (243),2224995,243
,,0,2023-05-13T12:40:50.907222954Z,2023-06-12T12:40:50.907222954Z,2023-06-02T01:10:26.248773183Z,73.54,docker_used_memory_mb,adapter_removal (DA160_L1) (243),adapter_removal (DA160_L1) (243),2224995,243
,,0,2023-05-13T12:40:50.907222954Z,2023-06-12T12:40:50.907222954Z,2023-06-02T01:10:28.248604148Z,72.73,docker_used_memory_mb,adapter_removal (DA160_L1) (243),adapter_removal (DA160_L1) (243),2224995,243
,,0,2023-05-13T12:40:50.907222954Z,2023-06-12T12:40:50.907222954Z,2023-06-02T01:10:30.249096964Z,72.28,docker_used_memory_mb,adapter_removal (DA160_L1) (243),adapter_removal (DA160_L1) (243),2224995,243
,,0,2023-05-13T12:40:50.907222954Z,2023-06-12T12:40:50.907222954Z,2023-06-02T01:10:32.248604181Z,72.77,docker_used_memory_mb,adapter_removal (DA160_L1) (243),adapter_removal (DA160_L1) (243),2224995,243
,,0,2023-05-13T12:40:50.907222954Z,2023-06-12T12:40:50.907222954Z,2023-06-02T01:10:34.248313234Z,73.02,docker_used_memory_mb,adapter_removal (DA160_L1) (243),adapter_removal (DA160_L1) (243),2224995,243
,,0,2023-05-13T12:40:50.907222954Z,2023-06-12T12:40:50.907222954Z,2023-06-02T01:10:36.248976158Z,73.42,docker_used_memory_mb,adapter_removal (DA160_L1) (243),adapter_removal (DA160_L1) (243),2224995,243
,,0,2023-05-13T12:40:50.907222954Z,2023-06-12T12:40:50.907222954Z,2023-06-02T01:10:38.248422734Z,73.2,docker_used_memory_mb,adapter_removal (DA160_L1) (243),adapter_removal (DA160_L1) (243),2224995,243
,,0,2023-05-13T12:40:50.907222954Z,2023-06-12T12:40:50.907222954Z,2023-06-02T01:10:40.249347228Z,73.57,docker_used_memory_mb,adapter_removal (DA160_L1) (243),adapter_removal (DA160_L1) (243),2224995,243
,,0,2023-05-13T12:40:50.907222954Z,2023-06-12T12:40:50.907222954Z,2023-06-02T01:10:42.249071835Z,73.75,docker_used_memory_mb,adapter_removal (DA160_L1) (243),adapter_removal (DA160_L1) (243),2224995,243
,,0,2023-05-13T12:40:50.907222954Z,2023-06-12T12:40:50.907222954Z,2023-06-02T01:10:44.248369839Z,73.83,docker_used_memory_mb,adapter_removal (DA160_L1) (243),adapter_removal (DA160_L1) (243),2224995,243
,,0,2023-05-13T12:40:50.907222954Z,2023-06-12T12:40:50.907222954Z,2023-06-02T01:10:46.249195482Z,74.24,docker_used_memory_mb,adapter_removal (DA160_L1) (243),adapter_removal (DA160_L1) (243),2224995,243
,,0,2023-05-13T12:40:50.907222954Z,2023-06-12T12:40:50.907222954Z,2023-06-02T01:10:49.248976152Z,74.45,docker_used_memory_mb,adapter_removal (DA160_L1) (243),adapter_removal (DA160_L1) (243),2224995,243
,,0,2023-05-13T12:40:50.907222954Z,2023-06-12T12:40:50.907222954Z,2023-06-02T01:10:51.248552597Z,74.85,docker_used_memory_mb,adapter_removal (DA160_L1) (243),adapter_removal (DA160_L1) (243),2224995,243
,,0,2023-05-13T12:40:50.907222954Z,2023-06-12T12:40:50.907222954Z,2023-06-02T01:10:53.249334881Z,74.77,docker_used_memory_mb,adapter_removal (DA160_L1) (243),adapter_removal (DA160_L1) (243),2224995,243
,,0,2023-05-13T12:40:50.907222954Z,2023-06-12T12:40:50.907222954Z,2023-06-02T01:10:55.24870401Z,74.39,docker_used_memory_mb,adapter_removal (DA160_L1) (243),adapter_removal (DA160_L1) (243),2224995,243
,,0,2023-05-13T12:40:50.907222954Z,2023-06-12T12:40:50.907222954Z,2023-06-02T01:10:57.248437703Z,75.05,docker_used_memory_mb,adapter_removal (DA160_L1) (243),adapter_removal (DA160_L1) (243),2224995,243
,,0,2023-05-13T12:40:50.907222954Z,2023-06-12T12:40:50.907222954Z,2023-06-02T01:10:59.249067134Z,75.07,docker_used_memory_mb,adapter_removal (DA160_L1) (243),adapter_removal (DA160_L1) (243),2224995,243
,,0,2023-05-13T12:40:50.907222954Z,2023-06-12T12:40:50.907222954Z,2023-06-02T01:11:01.248730525Z,75.1,docker_used_memory_mb,adapter_removal (DA160_L1) (243),adapter_removal (DA160_L1) (243),2224995,243
,,0,2023-05-13T12:40:50.907222954Z,2023-06-12T12:40:50.907222954Z,2023-06-02T01:11:03.248755148Z,74.43,docker_used_memory_mb,adapter_removal (DA160_L1) (243),adapter_removal (DA160_L1) (243),2224995,243
,,0,2023-05-13T12:40:50.907222954Z,2023-06-12T12:40:50.907222954Z,2023-06-02T01:11:05.248997529Z,74.85,docker_used_memory_mb,adapter_removal (DA160_L1) (243),adapter_removal (DA160_L1) (243),2224995,243
,,0,2023-05-13T12:40:50.907222954Z,2023-06-12T12:40:50.907222954Z,2023-06-02T01:11:07.248756455Z,74.82,docker_used_memory_mb,adapter_removal (DA160_L1) (243),adapter_removal (DA160_L1) (243),2224995,243
,,0,2023-05-13T12:40:50.907222954Z,2023-06-12T12:40:50.907222954Z,2023-06-02T01:11:09.248354898Z,74.89,docker_used_memory_mb,adapter_removal (DA160_L1) (243),adapter_removal (DA160_L1) (243),2224995,243
,,0,2023-05-13T12:40:50.907222954Z,2023-06-12T12:40:50.907222954Z,2023-06-02T01:11:11.249151118Z,75.03,docker_used_memory_mb,adapter_removal (DA160_L1) (243),adapter_removal (DA160_L1) (243),2224995,243
,,0,2023-05-13T12:40:50.907222954Z,2023-06-12T12:40:50.907222954Z,2023-06-02T01:11:13.248646098Z,75.24,docker_used_memory_mb,adapter_removal (DA160_L1) (243),adapter_removal (DA160_L1) (243),2224995,243
,,0,2023-05-13T12:40:50.907222954Z,2023-06-12T12:40:50.907222954Z,2023-06-02T01:11:15.249539503Z,75.22,docker_used_memory_mb,adapter_removal (DA160_L1) (243),adapter_removal (DA160_L1) (243),2224995,243
,,0,2023-05-13T12:40:50.907222954Z,2023-06-12T12:40:50.907222954Z,2023-06-02T01:11:17.249298023Z,75.01,docker_used_memory_mb,adapter_removal (DA160_L1) (243),adapter_removal (DA160_L1) (243),2224995,243
,,0,2023-05-13T12:40:50.907222954Z,2023-06-12T12:40:50.907222954Z,2023-06-02T01:11:19.248885987Z,75.04,docker_used_memory_mb,adapter_removal (DA160_L1) (243),adapter_removal (DA160_L1) (243),2224995,243
,,0,2023-05-13T12:40:50.907222954Z,2023-06-12T12:40:50.907222954Z,2023-06-02T01:11:21.248401141Z,75.86,docker_used_memory_mb,adapter_removal (DA160_L1) (243),adapter_removal (DA160_L1) (243),2224995,243
,,0,2023-05-13T12:40:50.907222954Z,2023-06-12T12:40:50.907222954Z,2023-06-02T01:11:23.249105432Z,75.26,docker_used_memory_mb,adapter_removal (DA160_L1) (243),adapter_removal (DA160_L1) (243),2224995,243
,,0,2023-05-13T12:40:50.907222954Z,2023-06-12T12:40:50.907222954Z,2023-06-02T01:11:25.248921326Z,75.36,docker_used_memory_mb,adapter_removal (DA160_L1) (243),adapter_removal (DA160_L1) (243),2224995,243
,,0,2023-05-13T12:40:50.907222954Z,2023-06-12T12:40:50.907222954Z,2023-06-02T01:11:27.248616417Z,75.55,docker_used_memory_mb,adapter_removal (DA160_L1) (243),adapter_removal (DA160_L1) (243),2224995,243
,,0,2023-05-13T12:40:50.907222954Z,2023-06-12T12:40:50.907222954Z,2023-06-02T01:11:29.248497674Z,75.57,docker_used_memory_mb,adapter_removal (DA160_L1) (243),adapter_removal (DA160_L1) (243),2224995,243
,,0,2023-05-13T12:40:50.907222954Z,2023-06-12T12:40:50.907222954Z,2023-06-02T01:11:31.248787686Z,76.12,docker_used_memory_mb,adapter_removal (DA160_L1) (243),adapter_removal (DA160_L1) (243),2224995,243
,,0,2023-05-13T12:40:50.907222954Z,2023-06-12T12:40:50.907222954Z,2023-06-02T01:11:33.248773408Z,76.25,docker_used_memory_mb,adapter_removal (DA160_L1) (243),adapter_removal (DA160_L1) (243),2224995,243
,,0,2023-05-13T12:40:50.907222954Z,2023-06-12T12:40:50.907222954Z,2023-06-02T01:11:35.249292027Z,76.3,docker_used_memory_mb,adapter_removal (DA160_L1) (243),adapter_removal (DA160_L1) (243),2224995,243
,,0,2023-05-13T12:40:50.907222954Z,2023-06-12T12:40:50.907222954Z,2023-06-02T01:11:37.249068204Z,76.72,docker_used_memory_mb,adapter_removal (DA160_L1) (243),adapter_removal (DA160_L1) (243),2224995,243
,,0,2023-05-13T12:40:50.907222954Z,2023-06-12T12:40:50.907222954Z,2023-06-02T01:11:39.248694217Z,76.97,docker_used_memory_mb,adapter_removal (DA160_L1) (243),adapter_removal (DA160_L1) (243),2224995,243
,,0,2023-05-13T12:40:50.907222954Z,2023-06-12T12:40:50.907222954Z,2023-06-02T01:11:41.248396012Z,77.42,docker_used_memory_mb,adapter_removal (DA160_L1) (243),adapter_removal (DA160_L1) (243),2224995,243
,,0,2023-05-13T12:40:50.907222954Z,2023-06-12T12:40:50.907222954Z,2023-06-02T01:11:43.248995317Z,77.39,docker_used_memory_mb,adapter_removal (DA160_L1) (243),adapter_removal (DA160_L1) (243),2224995,243
,,0,2023-05-13T12:40:50.907222954Z,2023-06-12T12:40:50.907222954Z,2023-06-02T01:11:45.248563249Z,77.57,docker_used_memory_mb,adapter_removal (DA160_L1) (243),adapter_removal (DA160_L1) (243),2224995,243
,,0,2023-05-13T12:40:50.907222954Z,2023-06-12T12:40:50.907222954Z,2023-06-02T01:11:47.248132593Z,78.01,docker_used_memory_mb,adapter_removal (DA160_L1) (243),adapter_removal (DA160_L1) (243),2224995,243
,,0,2023-05-13T12:40:50.907222954Z,2023-06-12T12:40:50.907222954Z,2023-06-02T01:11:49.248794132Z,77.83,docker_used_memory_mb,adapter_removal (DA160_L1) (243),adapter_removal (DA160_L1) (243),2224995,243
,,0,2023-05-13T12:40:50.907222954Z,2023-06-12T12:40:50.907222954Z,2023-06-02T01:11:51.248842611Z,78.15,docker_used_memory_mb,adapter_removal (DA160_L1) (243),adapter_removal (DA160_L1) (243),2224995,243
,,0,2023-05-13T12:40:50.907222954Z,2023-06-12T12:40:50.907222954Z,2023-06-02T01:11:53.249235652Z,78.34,docker_used_memory_mb,adapter_removal (DA160_L1) (243),adapter_removal (DA160_L1) (243),2224995,243
,,0,2023-05-13T12:40:50.907222954Z,2023-06-12T12:40:50.907222954Z,2023-06-02T01:11:55.249108567Z,78.06,docker_used_memory_mb,adapter_removal (DA160_L1) (243),adapter_removal (DA160_L1) (243),2224995,243
,,0,2023-05-13T12:40:50.907222954Z,2023-06-12T12:40:50.907222954Z,2023-06-02T01:11:57.248726705Z,78.5,docker_used_memory_mb,adapter_removal (DA160_L1) (243),adapter_removal (DA160_L1) (243),2224995,243
,,0,2023-05-13T12:40:50.907222954Z,2023-06-12T12:40:50.907222954Z,2023-06-02T01:11:59.249548162Z,78.86,docker_used_memory_mb,adapter_removal (DA160_L1) (243),adapter_removal (DA160_L1) (243),2224995,243
,,0,2023-05-13T12:40:50.907222954Z,2023-06-12T12:40:50.907222954Z,2023-06-02T01:12:01.248999186Z,79.21,docker_used_memory_mb,adapter_removal (DA160_L1) (243),adapter_removal (DA160_L1) (243),2224995,243
,,0,2023-05-13T12:40:50.907222954Z,2023-06-12T12:40:50.907222954Z,2023-06-02T01:12:03.248675258Z,79.12,docker_used_memory_mb,adapter_removal (DA160_L1) (243),adapter_removal (DA160_L1) (243),2224995,243
,,0,2023-05-13T12:40:50.907222954Z,2023-06-12T12:40:50.907222954Z,2023-06-02T01:12:05.249380582Z,79.07,docker_used_memory_mb,adapter_removal (DA160_L1) (243),adapter_removal (DA160_L1) (243),2224995,243
,,0,2023-05-13T12:40:50.907222954Z,2023-06-12T12:40:50.907222954Z,2023-06-02T01:12:07.249143338Z,79.23,docker_used_memory_mb,adapter_removal (DA160_L1) (243),adapter_removal (DA160_L1) (243),2224995,243
,,0,2023-05-13T12:40:50.907222954Z,2023-06-12T12:40:50.907222954Z,2023-06-02T01:12:09.248850362Z,79.34,docker_used_memory_mb,adapter_removal (DA160_L1) (243),adapter_removal (DA160_L1) (243),2224995,243
,,0,2023-05-13T12:40:50.907222954Z,2023-06-12T12:40:50.907222954Z,2023-06-02T01:12:11.249212048Z,79.71,docker_used_memory_mb,adapter_removal (DA160_L1) (243),adapter_removal (DA160_L1) (243),2224995,243
,,0,2023-05-13T12:40:50.907222954Z,2023-06-12T12:40:50.907222954Z,2023-06-02T01:12:13.249199352Z,79.82,docker_used_memory_mb,adapter_removal (DA160_L1) (243),adapter_removal (DA160_L1) (243),2224995,243
,,0,2023-05-13T12:40:50.907222954Z,2023-06-12T12:40:50.907222954Z,2023-06-02T01:12:15.248563568Z,79.88,docker_used_memory_mb,adapter_removal (DA160_L1) (243),adapter_removal (DA160_L1) (243),2224995,243
,,0,2023-05-13T12:40:50.907222954Z,2023-06-12T12:40:50.907222954Z,2023-06-02T01:12:17.248523462Z,80.66,docker_used_memory_mb,adapter_removal (DA160_L1) (243),adapter_removal (DA160_L1) (243),2224995,243
,,0,2023-05-13T12:40:50.907222954Z,2023-06-12T12:40:50.907222954Z,2023-06-02T01:12:19.249125828Z,80.46,docker_used_memory_mb,adapter_removal (DA160_L1) (243),adapter_removal (DA160_L1) (243),2224995,243
,,0,2023-05-13T12:40:50.907222954Z,2023-06-12T12:40:50.907222954Z,2023-06-02T01:12:21.24864776Z,80.52,docker_used_memory_mb,adapter_removal (DA160_L1) (243),adapter_removal (DA160_L1) (243),2224995,243
,,0,2023-05-13T12:40:50.907222954Z,2023-06-12T12:40:50.907222954Z,2023-06-02T01:12:23.24839003Z,80.68,docker_used_memory_mb,adapter_removal (DA160_L1) (243),adapter_removal (DA160_L1) (243),2224995,243
,,0,2023-05-13T12:40:50.907222954Z,2023-06-12T12:40:50.907222954Z,2023-06-02T01:12:25.248883804Z,80.71,docker_used_memory_mb,adapter_removal (DA160_L1) (243),adapter_removal (DA160_L1) (243),2224995,243
,,0,2023-05-13T12:40:50.907222954Z,2023-06-12T12:40:50.907222954Z,2023-06-02T01:12:27.248708607Z,80.95,docker_used_memory_mb,adapter_removal (DA160_L1) (243),adapter_removal (DA160_L1) (243),2224995,243
,,0,2023-05-13T12:40:50.907222954Z,2023-06-12T12:40:50.907222954Z,2023-06-02T01:12:29.249351267Z,81.28,docker_used_memory_mb,adapter_removal (DA160_L1) (243),adapter_removal (DA160_L1) (243),2224995,243
,,0,2023-05-13T12:40:50.907222954Z,2023-06-12T12:40:50.907222954Z,2023-06-02T01:12:31.249107229Z,81.14,docker_used_memory_mb,adapter_removal (DA160_L1) (243),adapter_removal (DA160_L1) (243),2224995,243
,,0,2023-05-13T12:40:50.907222954Z,2023-06-12T12:40:50.907222954Z,2023-06-02T01:12:33.248563903Z,81.2,docker_used_memory_mb,adapter_removal (DA160_L1) (243),adapter_removal (DA160_L1) (243),2224995,243
,,0,2023-05-13T12:40:50.907222954Z,2023-06-12T12:40:50.907222954Z,2023-06-02T01:12:35.248460461Z,81.34,docker_used_memory_mb,adapter_removal (DA160_L1) (243),adapter_removal (DA160_L1) (243),2224995,243
,,0,2023-05-13T12:40:50.907222954Z,2023-06-12T12:40:50.907222954Z,2023-06-02T01:12:37.248785773Z,81.67,docker_used_memory_mb,adapter_removal (DA160_L1) (243),adapter_removal (DA160_L1) (243),2224995,243
,,0,2023-05-13T12:40:50.907222954Z,2023-06-12T12:40:50.907222954Z,2023-06-02T01:12:39.248648151Z,81.75,docker_used_memory_mb,adapter_removal (DA160_L1) (243),adapter_removal (DA160_L1) (243),2224995,243
,,0,2023-05-13T12:40:50.907222954Z,2023-06-12T12:40:50.907222954Z,2023-06-02T01:12:41.249142109Z,81.66,docker_used_memory_mb,adapter_removal (DA160_L1) (243),adapter_removal (DA160_L1) (243),2224995,243
,,0,2023-05-13T12:40:50.907222954Z,2023-06-12T12:40:50.907222954Z,2023-06-02T01:12:44.249099558Z,82.13,docker_used_memory_mb,adapter_removal (DA160_L1) (243),adapter_removal (DA160_L1) (243),2224995,243
,,0,2023-05-13T12:40:50.907222954Z,2023-06-12T12:40:50.907222954Z,2023-06-02T01:12:45.248410243Z,82.14,docker_used_memory_mb,adapter_removal (DA160_L1) (243),adapter_removal (DA160_L1) (243),2224995,243
,,0,2023-05-13T12:40:50.907222954Z,2023-06-12T12:40:50.907222954Z,2023-06-02T01:12:48.249256342Z,82.57,docker_used_memory_mb,adapter_removal (DA160_L1) (243),adapter_removal (DA160_L1) (243),2224995,243
,,0,2023-05-13T12:40:50.907222954Z,2023-06-12T12:40:50.907222954Z,2023-06-02T01:12:50.24901658Z,82.63,docker_used_memory_mb,adapter_removal (DA160_L1) (243),adapter_removal (DA160_L1) (243),2224995,243
,,0,2023-05-13T12:40:50.907222954Z,2023-06-12T12:40:50.907222954Z,2023-06-02T01:12:52.248537991Z,83.08,docker_used_memory_mb,adapter_removal (DA160_L1) (243),adapter_removal (DA160_L1) (243),2224995,243
,,0,2023-05-13T12:40:50.907222954Z,2023-06-12T12:40:50.907222954Z,2023-06-02T01:12:54.248812576Z,82.61,docker_used_memory_mb,adapter_removal (DA160_L1) (243),adapter_removal (DA160_L1) (243),2224995,243
,,0,2023-05-13T12:40:50.907222954Z,2023-06-12T12:40:50.907222954Z,2023-06-02T01:12:56.248732741Z,82.71,docker_used_memory_mb,adapter_removal (DA160_L1) (243),adapter_removal (DA160_L1) (243),2224995,243
,,0,2023-05-13T12:40:50.907222954Z,2023-06-12T12:40:50.907222954Z,2023-06-02T01:12:58.248187711Z,83.19,docker_used_memory_mb,adapter_removal (DA160_L1) (243),adapter_removal (DA160_L1) (243),2224995,243
,,0,2023-05-13T12:40:50.907222954Z,2023-06-12T12:40:50.907222954Z,2023-06-02T01:13:00.249001985Z,83.11,docker_used_memory_mb,adapter_removal (DA160_L1) (243),adapter_removal (DA160_L1) (243),2224995,243
,,0,2023-05-13T12:40:50.907222954Z,2023-06-12T12:40:50.907222954Z,2023-06-02T01:13:02.248679383Z,83.38,docker_used_memory_mb,adapter_removal (DA160_L1) (243),adapter_removal (DA160_L1) (243),2224995,243
,,0,2023-05-13T12:40:50.907222954Z,2023-06-12T12:40:50.907222954Z,2023-06-02T01:13:04.249388505Z,83.42,docker_used_memory_mb,adapter_removal (DA160_L1) (243),adapter_removal (DA160_L1) (243),2224995,243
,,0,2023-05-13T12:40:50.907222954Z,2023-06-12T12:40:50.907222954Z,2023-06-02T01:13:06.249135747Z,83.54,docker_used_memory_mb,adapter_removal (DA160_L1) (243),adapter_removal (DA160_L1) (243),2224995,243
,,0,2023-05-13T12:40:50.907222954Z,2023-06-12T12:40:50.907222954Z,2023-06-02T01:13:08.248463626Z,83.83,docker_used_memory_mb,adapter_removal (DA160_L1) (243),adapter_removal (DA160_L1) (243),2224995,243
,,0,2023-05-13T12:40:50.907222954Z,2023-06-12T12:40:50.907222954Z,2023-06-02T01:13:10.249463648Z,84,docker_used_memory_mb,adapter_removal (DA160_L1) (243),adapter_removal (DA160_L1) (243),2224995,243
,,0,2023-05-13T12:40:50.907222954Z,2023-06-12T12:40:50.907222954Z,2023-06-02T01:13:12.249025476Z,84.08,docker_used_memory_mb,adapter_removal (DA160_L1) (243),adapter_removal (DA160_L1) (243),2224995,243
,,0,2023-05-13T12:40:50.907222954Z,2023-06-12T12:40:50.907222954Z,2023-06-02T01:13:14.248418899Z,84.16,docker_used_memory_mb,adapter_removal (DA160_L1) (243),adapter_removal (DA160_L1) (243),2224995,243
,,0,2023-05-13T12:40:50.907222954Z,2023-06-12T12:40:50.907222954Z,2023-06-02T01:13:16.249330461Z,84.44,docker_used_memory_mb,adapter_removal (DA160_L1) (243),adapter_removal (DA160_L1) (243),2224995,243
,,0,2023-05-13T12:40:50.907222954Z,2023-06-12T12:40:50.907222954Z,2023-06-02T01:13:18.248718135Z,84.8,docker_used_memory_mb,adapter_removal (DA160_L1) (243),adapter_removal (DA160_L1) (243),2224995,243
,,0,2023-05-13T12:40:50.907222954Z,2023-06-12T12:40:50.907222954Z,2023-06-02T01:13:20.248361787Z,84.58,docker_used_memory_mb,adapter_removal (DA160_L1) (243),adapter_removal (DA160_L1) (243),2224995,243
,,0,2023-05-13T12:40:50.907222954Z,2023-06-12T12:40:50.907222954Z,2023-06-02T01:13:22.249178157Z,84.62,docker_used_memory_mb,adapter_removal (DA160_L1) (243),adapter_removal (DA160_L1) (243),2224995,243
,,0,2023-05-13T12:40:50.907222954Z,2023-06-12T12:40:50.907222954Z,2023-06-02T01:13:24.248947874Z,85.04,docker_used_memory_mb,adapter_removal (DA160_L1) (243),adapter_removal (DA160_L1) (243),2224995,243
,,0,2023-05-13T12:40:50.907222954Z,2023-06-12T12:40:50.907222954Z,2023-06-02T01:13:26.248392142Z,84.54,docker_used_memory_mb,adapter_removal (DA160_L1) (243),adapter_removal (DA160_L1) (243),2224995,243
,,0,2023-05-13T12:40:50.907222954Z,2023-06-12T12:40:50.907222954Z,2023-06-02T01:13:28.249067858Z,85.44,docker_used_memory_mb,adapter_removal (DA160_L1) (243),adapter_removal (DA160_L1) (243),2224995,243
,,0,2023-05-13T12:40:50.907222954Z,2023-06-12T12:40:50.907222954Z,2023-06-02T01:13:30.248578819Z,85.54,docker_used_memory_mb,adapter_removal (DA160_L1) (243),adapter_removal (DA160_L1) (243),2224995,243
,,0,2023-05-13T12:40:50.907222954Z,2023-06-12T12:40:50.907222954Z,2023-06-02T01:13:32.248485403Z,85.56,docker_used_memory_mb,adapter_removal (DA160_L1) (243),adapter_removal (DA160_L1) (243),2224995,243
,,0,2023-05-13T12:40:50.907222954Z,2023-06-12T12:40:50.907222954Z,2023-06-02T01:13:34.249256284Z,85.58,docker_used_memory_mb,adapter_removal (DA160_L1) (243),adapter_removal (DA160_L1) (243),2224995,243
,,0,2023-05-13T12:40:50.907222954Z,2023-06-12T12:40:50.907222954Z,2023-06-02T01:13:36.248821838Z,85.39,docker_used_memory_mb,adapter_removal (DA160_L1) (243),adapter_removal (DA160_L1) (243),2224995,243
,,0,2023-05-13T12:40:50.907222954Z,2023-06-12T12:40:50.907222954Z,2023-06-02T01:13:38.24830245Z,85.99,docker_used_memory_mb,adapter_removal (DA160_L1) (243),adapter_removal (DA160_L1) (243),2224995,243
,,0,2023-05-13T12:40:50.907222954Z,2023-06-12T12:40:50.907222954Z,2023-06-02T01:13:40.249181456Z,85.84,docker_used_memory_mb,adapter_removal (DA160_L1) (243),adapter_removal (DA160_L1) (243),2224995,243
,,0,2023-05-13T12:40:50.907222954Z,2023-06-12T12:40:50.907222954Z,2023-06-02T01:13:42.24901178Z,86.4,docker_used_memory_mb,adapter_removal (DA160_L1) (243),adapter_removal (DA160_L1) (243),2224995,243
,,0,2023-05-13T12:40:50.907222954Z,2023-06-12T12:40:50.907222954Z,2023-06-02T01:13:44.248756431Z,86.61,docker_used_memory_mb,adapter_removal (DA160_L1) (243),adapter_removal (DA160_L1) (243),2224995,243
,,0,2023-05-13T12:40:50.907222954Z,2023-06-12T12:40:50.907222954Z,2023-06-02T01:13:46.249337379Z,86.9,docker_used_memory_mb,adapter_removal (DA160_L1) (243),adapter_removal (DA160_L1) (243),2224995,243
,,0,2023-05-13T12:40:50.907222954Z,2023-06-12T12:40:50.907222954Z,2023-06-02T01:13:48.249052291Z,86.93,docker_used_memory_mb,adapter_removal (DA160_L1) (243),adapter_removal (DA160_L1) (243),2224995,243
,,0,2023-05-13T12:40:50.907222954Z,2023-06-12T12:40:50.907222954Z,2023-06-02T01:13:50.24866177Z,87.02,docker_used_memory_mb,adapter_removal (DA160_L1) (243),adapter_removal (DA160_L1) (243),2224995,243
,,0,2023-05-13T12:40:50.907222954Z,2023-06-12T12:40:50.907222954Z,2023-06-02T01:13:52.249208679Z,87.41,docker_used_memory_mb,adapter_removal (DA160_L1) (243),adapter_removal (DA160_L1) (243),2224995,243
,,0,2023-05-13T12:40:50.907222954Z,2023-06-12T12:40:50.907222954Z,2023-06-02T01:13:54.249036315Z,87.04,docker_used_memory_mb,adapter_removal (DA160_L1) (243),adapter_removal (DA160_L1) (243),2224995,243
,,0,2023-05-13T12:40:50.907222954Z,2023-06-12T12:40:50.907222954Z,2023-06-02T01:13:56.248597054Z,87.58,docker_used_memory_mb,adapter_removal (DA160_L1) (243),adapter_removal (DA160_L1) (243),2224995,243
,,0,2023-05-13T12:40:50.907222954Z,2023-06-12T12:40:50.907222954Z,2023-06-02T01:13:58.249258678Z,87.64,docker_used_memory_mb,adapter_removal (DA160_L1) (243),adapter_removal (DA160_L1) (243),2224995,243
,,0,2023-05-13T12:40:50.907222954Z,2023-06-12T12:40:50.907222954Z,2023-06-02T01:14:00.248993823Z,87.51,docker_used_memory_mb,adapter_removal (DA160_L1) (243),adapter_removal (DA160_L1) (243),2224995,243
,,0,2023-05-13T12:40:50.907222954Z,2023-06-12T12:40:50.907222954Z,2023-06-02T01:14:02.24878916Z,88,docker_used_memory_mb,adapter_removal (DA160_L1) (243),adapter_removal (DA160_L1) (243),2224995,243
,,0,2023-05-13T12:40:50.907222954Z,2023-06-12T12:40:50.907222954Z,2023-06-02T01:14:04.249309101Z,87.65,docker_used_memory_mb,adapter_removal (DA160_L1) (243),adapter_removal (DA160_L1) (243),2224995,243
,,0,2023-05-13T12:40:50.907222954Z,2023-06-12T12:40:50.907222954Z,2023-06-02T01:14:06.249063178Z,88.07,docker_used_memory_mb,adapter_removal (DA160_L1) (243),adapter_removal (DA160_L1) (243),2224995,243
,,0,2023-05-13T12:40:50.907222954Z,2023-06-12T12:40:50.907222954Z,2023-06-02T01:14:08.248774574Z,87.97,docker_used_memory_mb,adapter_removal (DA160_L1) (243),adapter_removal (DA160_L1) (243),2224995,243
,,0,2023-05-13T12:40:50.907222954Z,2023-06-12T12:40:50.907222954Z,2023-06-02T01:14:10.249520474Z,87.93,docker_used_memory_mb,adapter_removal (DA160_L1) (243),adapter_removal (DA160_L1) (243),2224995,243
,,0,2023-05-13T12:40:50.907222954Z,2023-06-12T12:40:50.907222954Z,2023-06-02T01:14:12.24920793Z,87.99,docker_used_memory_mb,adapter_removal (DA160_L1) (243),adapter_removal (DA160_L1) (243),2224995,243
,,0,2023-05-13T12:40:50.907222954Z,2023-06-12T12:40:50.907222954Z,2023-06-02T01:14:14.248794444Z,88.2,docker_used_memory_mb,adapter_removal (DA160_L1) (243),adapter_removal (DA160_L1) (243),2224995,243
,,0,2023-05-13T12:40:50.907222954Z,2023-06-12T12:40:50.907222954Z,2023-06-02T01:14:16.248586314Z,88.52,docker_used_memory_mb,adapter_removal (DA160_L1) (243),adapter_removal (DA160_L1) (243),2224995,243
,,0,2023-05-13T12:40:50.907222954Z,2023-06-12T12:40:50.907222954Z,2023-06-02T01:14:18.249203441Z,88.38,docker_used_memory_mb,adapter_removal (DA160_L1) (243),adapter_removal (DA160_L1) (243),2224995,243
,,0,2023-05-13T12:40:50.907222954Z,2023-06-12T12:40:50.907222954Z,2023-06-02T01:14:20.248722895Z,88.56,docker_used_memory_mb,adapter_removal (DA160_L1) (243),adapter_removal (DA160_L1) (243),2224995,243
,,0,2023-05-13T12:40:50.907222954Z,2023-06-12T12:40:50.907222954Z,2023-06-02T01:14:22.24859795Z,88.62,docker_used_memory_mb,adapter_removal (DA160_L1) (243),adapter_removal (DA160_L1) (243),2224995,243
,,0,2023-05-13T12:40:50.907222954Z,2023-06-12T12:40:50.907222954Z,2023-06-02T01:14:24.249180997Z,89.11,docker_used_memory_mb,adapter_removal (DA160_L1) (243),adapter_removal (DA160_L1) (243),2224995,243
,,0,2023-05-13T12:40:50.907222954Z,2023-06-12T12:40:50.907222954Z,2023-06-02T01:14:26.248906088Z,88.79,docker_used_memory_mb,adapter_removal (DA160_L1) (243),adapter_removal (DA160_L1) (243),2224995,243
,,0,2023-05-13T12:40:50.907222954Z,2023-06-12T12:40:50.907222954Z,2023-06-02T01:14:28.248574237Z,88.69,docker_used_memory_mb,adapter_removal (DA160_L1) (243),adapter_removal (DA160_L1) (243),2224995,243
,,0,2023-05-13T12:40:50.907222954Z,2023-06-12T12:40:50.907222954Z,2023-06-02T01:14:30.249088914Z,89.39,docker_used_memory_mb,adapter_removal (DA160_L1) (243),adapter_removal (DA160_L1) (243),2224995,243
,,0,2023-05-13T12:40:50.907222954Z,2023-06-12T12:40:50.907222954Z,2023-06-02T01:14:32.248566568Z,89.2,docker_used_memory_mb,adapter_removal (DA160_L1) (243),adapter_removal (DA160_L1) (243),2224995,243
,,0,2023-05-13T12:40:50.907222954Z,2023-06-12T12:40:50.907222954Z,2023-06-02T01:14:35.24951201Z,89.47,docker_used_memory_mb,adapter_removal (DA160_L1) (243),adapter_removal (DA160_L1) (243),2224995,243
,,0,2023-05-13T12:40:50.907222954Z,2023-06-12T12:40:50.907222954Z,2023-06-02T01:14:37.249142961Z,89.69,docker_used_memory_mb,adapter_removal (DA160_L1) (243),adapter_removal (DA160_L1) (243),2224995,243
,,0,2023-05-13T12:40:50.907222954Z,2023-06-12T12:40:50.907222954Z,2023-06-02T01:14:39.248743001Z,90.05,docker_used_memory_mb,adapter_removal (DA160_L1) (243),adapter_removal (DA160_L1) (243),2224995,243
,,0,2023-05-13T12:40:50.907222954Z,2023-06-12T12:40:50.907222954Z,2023-06-02T01:14:41.249428505Z,90.26,docker_used_memory_mb,adapter_removal (DA160_L1) (243),adapter_removal (DA160_L1) (243),2224995,243
,,0,2023-05-13T12:40:50.907222954Z,2023-06-12T12:40:50.907222954Z,2023-06-02T01:14:43.249103158Z,90.15,docker_used_memory_mb,adapter_removal (DA160_L1) (243),adapter_removal (DA160_L1) (243),2224995,243
,,0,2023-05-13T12:40:50.907222954Z,2023-06-12T12:40:50.907222954Z,2023-06-02T01:14:45.248892035Z,90.18,docker_used_memory_mb,adapter_removal (DA160_L1) (243),adapter_removal (DA160_L1) (243),2224995,243
,,0,2023-05-13T12:40:50.907222954Z,2023-06-12T12:40:50.907222954Z,2023-06-02T01:14:47.248532218Z,90,docker_used_memory_mb,adapter_removal (DA160_L1) (243),adapter_removal (DA160_L1) (243),2224995,243
,,0,2023-05-13T12:40:50.907222954Z,2023-06-12T12:40:50.907222954Z,2023-06-02T01:14:49.249292377Z,90.11,docker_used_memory_mb,adapter_removal (DA160_L1) (243),adapter_removal (DA160_L1) (243),2224995,243
,,0,2023-05-13T12:40:50.907222954Z,2023-06-12T12:40:50.907222954Z,2023-06-02T01:14:51.248571549Z,90.59,docker_used_memory_mb,adapter_removal (DA160_L1) (243),adapter_removal (DA160_L1) (243),2224995,243
,,0,2023-05-13T12:40:50.907222954Z,2023-06-12T12:40:50.907222954Z,2023-06-02T01:14:53.248481842Z,90.86,docker_used_memory_mb,adapter_removal (DA160_L1) (243),adapter_removal (DA160_L1) (243),2224995,243
,,0,2023-05-13T12:40:50.907222954Z,2023-06-12T12:40:50.907222954Z,2023-06-02T01:14:55.249100678Z,90.54,docker_used_memory_mb,adapter_removal (DA160_L1) (243),adapter_removal (DA160_L1) (243),2224995,243
,,0,2023-05-13T12:40:50.907222954Z,2023-06-12T12:40:50.907222954Z,2023-06-02T01:14:57.24865404Z,90.95,docker_used_memory_mb,adapter_removal (DA160_L1) (243),adapter_removal (DA160_L1) (243),2224995,243
,,0,2023-05-13T12:40:50.907222954Z,2023-06-12T12:40:50.907222954Z,2023-06-02T01:14:59.249106681Z,90.86,docker_used_memory_mb,adapter_removal (DA160_L1) (243),adapter_removal (DA160_L1) (243),2224995,243
,,0,2023-05-13T12:40:50.907222954Z,2023-06-12T12:40:50.907222954Z,2023-06-02T01:15:01.248805189Z,91.36,docker_used_memory_mb,adapter_removal (DA160_L1) (243),adapter_removal (DA160_L1) (243),2224995,243
,,0,2023-05-13T12:40:50.907222954Z,2023-06-12T12:40:50.907222954Z,2023-06-02T01:15:03.248668473Z,91.49,docker_used_memory_mb,adapter_removal (DA160_L1) (243),adapter_removal (DA160_L1) (243),2224995,243
,,0,2023-05-13T12:40:50.907222954Z,2023-06-12T12:40:50.907222954Z,2023-06-02T01:15:05.249183586Z,91.76,docker_used_memory_mb,adapter_removal (DA160_L1) (243),adapter_removal (DA160_L1) (243),2224995,243
,,0,2023-05-13T12:40:50.907222954Z,2023-06-12T12:40:50.907222954Z,2023-06-02T01:15:07.248657399Z,92.04,docker_used_memory_mb,adapter_removal (DA160_L1) (243),adapter_removal (DA160_L1) (243),2224995,243
,,0,2023-05-13T12:40:50.907222954Z,2023-06-12T12:40:50.907222954Z,2023-06-02T01:15:09.24840165Z,91.75,docker_used_memory_mb,adapter_removal (DA160_L1) (243),adapter_removal (DA160_L1) (243),2224995,243
,,0,2023-05-13T12:40:50.907222954Z,2023-06-12T12:40:50.907222954Z,2023-06-02T01:15:11.248860974Z,92.57,docker_used_memory_mb,adapter_removal (DA160_L1) (243),adapter_removal (DA160_L1) (243),2224995,243
,,0,2023-05-13T12:40:50.907222954Z,2023-06-12T12:40:50.907222954Z,2023-06-02T01:15:13.248625866Z,92.38,docker_used_memory_mb,adapter_removal (DA160_L1) (243),adapter_removal (DA160_L1) (243),2224995,243
,,0,2023-05-13T12:40:50.907222954Z,2023-06-12T12:40:50.907222954Z,2023-06-02T01:15:15.249215784Z,92.71,docker_used_memory_mb,adapter_removal (DA160_L1) (243),adapter_removal (DA160_L1) (243),2224995,243
,,0,2023-05-13T12:40:50.907222954Z,2023-06-12T12:40:50.907222954Z,2023-06-02T01:15:17.249026919Z,92.45,docker_used_memory_mb,adapter_removal (DA160_L1) (243),adapter_removal (DA160_L1) (243),2224995,243
,,0,2023-05-13T12:40:50.907222954Z,2023-06-12T12:40:50.907222954Z,2023-06-02T01:15:19.248594557Z,93.11,docker_used_memory_mb,adapter_removal (DA160_L1) (243),adapter_removal (DA160_L1) (243),2224995,243
,,0,2023-05-13T12:40:50.907222954Z,2023-06-12T12:40:50.907222954Z,2023-06-02T01:15:21.249167256Z,93.42,docker_used_memory_mb,adapter_removal (DA160_L1) (243),adapter_removal (DA160_L1) (243),2224995,243
,,0,2023-05-13T12:40:50.907222954Z,2023-06-12T12:40:50.907222954Z,2023-06-02T01:15:23.249064145Z,93.53,docker_used_memory_mb,adapter_removal (DA160_L1) (243),adapter_removal (DA160_L1) (243),2224995,243
,,0,2023-05-13T12:40:50.907222954Z,2023-06-12T12:40:50.907222954Z,2023-06-02T01:15:25.248484288Z,93.57,docker_used_memory_mb,adapter_removal (DA160_L1) (243),adapter_removal (DA160_L1) (243),2224995,243
,,0,2023-05-13T12:40:50.907222954Z,2023-06-12T12:40:50.907222954Z,2023-06-02T01:15:27.248286885Z,93.36,docker_used_memory_mb,adapter_removal (DA160_L1) (243),adapter_removal (DA160_L1) (243),2224995,243
,,0,2023-05-13T12:40:50.907222954Z,2023-06-12T12:40:50.907222954Z,2023-06-02T01:15:29.24933009Z,93.52,docker_used_memory_mb,adapter_removal (DA160_L1) (243),adapter_removal (DA160_L1) (243),2224995,243
